Bin Id	Marker lineage	# genomes	# markers	# marker sets	Completeness	Contamination	Strain heterogeneity	Genome size (bp)	# ambiguous bases	# scaffolds	# contigs	N50 (scaffolds)	N50 (contigs)	Mean scaffold length (bp)	Mean contig length (bp)	Longest scaffold (bp)	Longest contig (bp)	GC	GC std (scaffolds > 1kbp)	Coding density	Translation table	# predicted genes	0	1	2	3	4	5+
bin.1	k__Archaea (UID2)	207	149	107	53.43	28.13	3.49	59833070	0	3570	3570	23985	23985	16759	16759	139996	139996	49.6	1.18	65.74	11	129730	60	53	23	8	4	1
bin.10	k__Archaea (UID2)	207	149	107	62.08	20.32	1.69	23784779	0	959	959	44391	44391	24801	24801	215524	215524	48.2	1.46	76.96	4	35477	52	63	25	8	0	1
bin.100	k__Bacteria (UID1453)	901	171	117	95.30	5.13	28.57	5567030	0	462	462	17781	17781	12049	12049	91759	91759	67.4	1.88	91.35	11	5570	6	158	7	0	0	0
bin.101	k__Bacteria (UID203)	5449	104	58	0.94	0.00	0.00	353961	0	18	18	35092	35092	19664	19664	81989	81989	40.2	1.72	89.25	11	315	98	6	0	0	0	0
bin.102	root (UID1)	5656	56	24	0.00	0.00	0.00	224700	0	53	53	4040	4040	4239	4239	14936	14936	66.0	1.47	92.03	11	266	56	0	0	0	0	0
bin.103	k__Bacteria (UID3187)	2258	188	117	97.22	11.16	0.00	5549787	0	57	57	173149	173149	97364	97364	541876	541876	51.0	1.22	88.75	11	5018	4	169	13	2	0	0
bin.104	k__Bacteria (UID203)	5449	104	58	25.00	2.59	0.00	1291790	0	388	388	3164	3164	3329	3329	15020	15020	72.6	2.02	90.14	11	1557	86	16	2	0	0	0
bin.105	root (UID1)	5656	56	24	8.33	0.00	0.00	311574	0	77	77	4140	4140	4046	4046	11010	11010	60.9	1.33	85.83	11	354	54	2	0	0	0	0
bin.106	k__Bacteria (UID203)	5449	103	57	41.80	1.75	100.00	2848334	0	551	551	5500	5500	5169	5169	23990	23990	50.8	2.81	90.66	11	3043	66	36	1	0	0	0
bin.107	o__Sphingomonadales (UID3310)	26	569	293	72.11	2.61	70.00	2673843	0	429	429	7107	7107	6232	6232	50643	50643	68.9	2.04	90.90	11	2946	179	380	10	0	0	0
bin.108	o__Burkholderiales (UID4000)	193	427	214	63.05	3.34	26.09	2687980	0	519	519	5388	5388	5179	5179	32550	32550	63.5	5.13	88.92	11	2798	131	273	23	0	0	0
bin.109	k__Bacteria (UID203)	5449	103	57	24.88	0.00	0.00	900974	0	264	264	3334	3334	3412	3412	7677	7677	66.7	1.94	89.67	11	1047	82	21	0	0	0	0
bin.11	o__Rhodospirillales (UID3754)	63	336	201	52.21	4.43	31.82	3410664	0	850	850	3856	3856	4012	4012	44560	44560	67.1	7.84	85.88	11	3787	146	168	22	0	0	0
bin.110	k__Bacteria (UID203)	5449	104	58	7.76	0.00	0.00	1351981	0	297	297	4574	4574	4552	4552	38585	38585	61.2	1.67	88.28	11	1346	98	6	0	0	0	0
bin.111	k__Bacteria (UID203)	5449	104	58	84.47	94.83	77.17	10646951	0	1736	1736	7083	7083	6133	6133	49156	49156	71.1	3.80	90.65	11	11344	42	15	29	15	3	0
bin.112	o__Actinomycetales (UID1593)	69	400	198	64.79	8.71	75.61	3013604	0	671	671	4532	4532	4491	4491	26354	26354	68.2	1.70	91.23	11	3478	133	232	32	3	0	0
bin.113	root (UID1)	5656	56	24	0.00	0.00	0.00	2413911	0	730	730	3213	3213	3306	3306	8766	8766	58.9	1.98	83.71	4	4090	56	0	0	0	0	0
bin.114	o__Lactobacillales (UID544)	293	475	267	72.44	0.94	0.00	1025827	0	146	146	8374	8374	7026	7026	36182	36182	41.3	1.40	89.67	11	1096	153	318	4	0	0	0
bin.115	c__Alphaproteobacteria (UID3422)	26	529	308	79.60	5.76	50.00	2475672	0	292	292	9983	9983	8478	8478	67558	67558	73.0	2.34	91.74	11	2523	121	378	30	0	0	0
bin.116	root (UID1)	5656	56	24	0.00	0.00	0.00	240230	0	60	60	3496	3496	4003	4003	19665	19665	68.4	1.57	91.54	11	298	56	0	0	0	0	0
bin.117	k__Bacteria (UID203)	5449	103	57	43.14	0.00	0.00	2572256	0	439	439	6352	6352	5859	5859	32319	32319	51.1	1.35	89.94	11	2688	75	28	0	0	0	0
bin.118	k__Bacteria (UID2565)	2921	143	88	82.67	5.11	0.00	8448881	0	1195	1195	8529	8529	7070	7070	63257	63257	69.7	2.14	81.19	11	6994	19	119	5	0	0	0
bin.119	root (UID1)	5656	56	24	4.17	0.00	0.00	767953	0	190	190	3801	3801	4041	4041	15864	15864	70.3	1.98	89.06	11	922	55	1	0	0	0	0
bin.12	root (UID1)	5656	56	24	0.00	0.00	0.00	207006	0	21	21	18206	18206	9857	9857	27184	27184	62.4	0.93	87.34	11	240	56	0	0	0	0	0
bin.120	root (UID1)	5656	56	24	0.00	0.00	0.00	617761	0	179	179	3271	3271	3451	3451	10031	10031	61.3	0.94	79.56	4	867	56	0	0	0	0	0
bin.121	root (UID1)	5656	56	24	0.00	0.00	0.00	458940	0	13	13	47513	47513	35303	35303	93110	93110	50.9	0.88	53.98	11	912	56	0	0	0	0	0
bin.122	k__Bacteria (UID203)	5449	104	58	90.91	63.17	35.85	6312684	0	1043	1043	6936	6936	6052	6052	40514	40514	69.1	2.12	90.23	11	7073	18	40	44	1	1	0
bin.123	o__Actinomycetales (UID1593)	69	400	198	94.57	10.30	73.17	3389955	0	282	282	16740	16740	12021	12021	102475	102475	69.4	1.63	91.17	11	3410	48	311	41	0	0	0
bin.124	k__Bacteria (UID203)	5449	103	58	26.72	1.72	0.00	1536877	0	432	432	3521	3521	3557	3557	8010	8010	66.2	6.97	89.38	11	1781	84	17	2	0	0	0
bin.125	k__Bacteria (UID203)	5449	104	58	23.43	1.72	100.00	1686616	0	361	361	4625	4625	4672	4672	30125	30125	67.4	2.05	88.79	11	1900	87	16	1	0	0	0
bin.126	o__Sphingomonadales (UID3310)	26	569	293	64.80	3.81	35.29	2092801	0	432	432	4904	4904	4844	4844	33358	33358	68.3	1.66	90.90	11	2445	207	345	17	0	0	0
bin.127	root (UID1)	5656	56	24	0.00	0.00	0.00	349356	0	35	35	11624	11624	9981	9981	42361	42361	65.5	2.04	81.29	11	404	56	0	0	0	0	0
bin.128	root (UID1)	5656	56	24	0.00	0.00	0.00	283429	0	63	63	4531	4531	4498	4498	10459	10459	48.2	1.27	91.71	11	299	56	0	0	0	0	0
bin.129	o__Actinomycetales (UID1696)	455	315	190	81.64	3.07	33.33	8095539	0	1388	1388	6498	6498	5832	5832	28502	28502	71.1	3.10	90.16	11	8611	81	225	9	0	0	0
bin.13	k__Bacteria (UID203)	5449	104	58	10.34	0.00	0.00	401440	0	95	95	4266	4266	4225	4225	10313	10313	63.2	1.87	91.27	11	395	98	6	0	0	0	0
bin.130	root (UID1)	5656	56	24	0.00	0.00	0.00	543377	0	138	138	3889	3889	3937	3937	23238	23238	62.8	3.09	86.58	11	584	56	0	0	0	0	0
bin.131	k__Archaea (UID2)	207	149	107	21.78	3.41	12.50	9592371	0	1975	1975	5061	5061	4856	4856	23064	23064	52.0	1.89	87.23	4	11633	110	31	8	0	0	0
bin.132	p__Bacteroidetes (UID2591)	364	302	203	98.52	0.99	0.00	3711000	0	50	50	138955	138955	74220	74220	467717	467717	39.8	0.72	87.74	11	3364	3	296	3	0	0	0
bin.133	o__Burkholderiales (UID4000)	193	427	214	89.74	3.38	15.38	3497231	0	422	422	9910	9910	8287	8287	56051	56051	69.6	2.16	94.78	11	3597	53	361	13	0	0	0
bin.134	o__Rhizobiales (UID3654)	92	481	319	86.91	11.64	25.81	7102885	0	991	991	8783	8783	7167	7167	74940	74940	65.9	4.17	85.74	11	7461	89	336	53	3	0	0
bin.135	o__Actinomycetales (UID1663)	488	310	185	83.01	7.31	18.52	9374116	0	1093	1093	10614	10614	8576	8576	65509	65509	69.1	2.20	87.32	11	9461	65	218	27	0	0	0
bin.136	k__Bacteria (UID203)	5449	104	58	20.89	0.00	0.00	1438374	0	397	397	3383	3383	3623	3623	20579	20579	69.5	1.93	90.63	11	1762	80	24	0	0	0	0
bin.137	k__Bacteria (UID203)	5449	103	57	41.58	0.00	0.00	1849764	0	303	303	6946	6946	6104	6104	32220	32220	71.2	2.35	91.23	11	2058	73	30	0	0	0	0
bin.138	k__Bacteria (UID203)	5449	104	58	35.34	0.00	0.00	1496422	0	267	267	6120	6120	5604	5604	26787	26787	56.3	1.49	84.63	11	1534	79	25	0	0	0	0
bin.139	k__Bacteria (UID203)	5449	104	58	41.38	1.72	100.00	2739846	0	622	622	4383	4383	4404	4404	18363	18363	55.6	1.87	89.25	11	2843	78	25	1	0	0	0
bin.14	k__Bacteria (UID203)	5449	104	58	16.38	0.00	0.00	228596	0	51	51	4352	4352	4482	4482	12617	12617	64.1	1.75	89.85	11	293	93	11	0	0	0	0
bin.140	k__Bacteria (UID203)	5449	104	58	2.30	0.00	0.00	2579245	0	731	731	3315	3315	3528	3528	27018	27018	58.8	1.39	80.75	4	4224	102	2	0	0	0	0
bin.141	o__Actinomycetales (UID1697)	387	330	193	56.79	3.02	25.00	2702603	0	628	628	4404	4404	4303	4303	16512	16512	67.4	1.53	90.76	11	3039	140	182	8	0	0	0
bin.142	k__Bacteria (UID203)	5449	104	58	49.52	17.95	3.64	26349761	0	131	131	406952	406952	201143	201143	1986056	1986056	51.4	2.44	84.37	4	33806	43	34	13	14	0	0
bin.143	k__Bacteria (UID1452)	924	161	108	78.86	2.78	100.00	3598297	0	393	393	11348	11348	9155	9155	41780	41780	56.8	1.89	86.75	11	3290	47	111	3	0	0	0
bin.144	k__Bacteria (UID203)	5449	104	58	51.72	0.86	0.00	3352041	0	525	525	7142	7142	6384	6384	41261	41261	63.6	2.70	84.14	11	3355	69	34	1	0	0	0
bin.145	o__Actinomycetales (UID1815)	120	573	265	80.11	2.73	33.33	4810439	0	590	590	10271	10271	8153	8153	61573	61573	68.0	2.35	91.00	11	5152	134	427	12	0	0	0
bin.146	k__Bacteria (UID203)	5449	103	57	40.00	0.00	0.00	1660525	0	350	350	4931	4931	4744	4744	26869	26869	69.8	2.07	90.85	11	1872	73	30	0	0	0	0
bin.147	o__Actinomycetales (UID2012)	35	495	282	69.46	11.56	35.59	4135294	0	886	886	4856	4856	4667	4667	22616	22616	74.7	1.80	91.77	11	4751	160	278	56	1	0	0
bin.148	o__Actinomycetales (UID1697)	387	330	193	72.67	1.25	66.67	3106100	0	401	401	9060	9060	7745	7745	43402	43402	69.2	1.65	90.83	11	3206	100	224	6	0	0	0
bin.149	p__Bacteroidetes (UID2605)	350	316	210	97.20	1.67	0.00	4333077	0	126	126	65447	65447	34389	34389	201901	201901	43.0	5.43	89.54	11	4121	41	271	4	0	0	0
bin.15	k__Bacteria (UID203)	5449	103	57	15.76	0.00	0.00	766140	0	168	168	4536	4536	4560	4560	13364	13364	63.7	1.80	91.82	11	884	88	15	0	0	0	0
bin.150	k__Bacteria (UID203)	5449	104	58	1.72	0.00	0.00	434577	0	30	30	21791	21791	14485	14485	52505	52505	66.7	1.64	77.76	11	452	103	1	0	0	0	0
bin.151	k__Bacteria (UID2982)	88	230	148	75.47	0.00	0.00	1194509	0	7	7	204198	204198	170644	170644	334881	334881	44.9	1.39	86.66	11	1032	45	185	0	0	0	0
bin.152	c__Alphaproteobacteria (UID3422)	26	529	308	92.38	16.91	17.86	3752126	0	237	237	39616	39616	15831	15831	132037	132037	70.4	9.46	88.23	11	3555	78	377	69	5	0	0
bin.153	root (UID1)	5656	56	24	0.00	0.00	0.00	668316	0	95	95	7959	7959	7034	7034	28186	28186	52.6	1.34	84.79	11	743	56	0	0	0	0	0
bin.154	k__Bacteria (UID1453)	901	171	117	48.86	1.88	66.67	653339	0	76	76	11185	11185	8596	8596	42973	42973	54.7	1.60	90.28	11	763	77	91	3	0	0	0
bin.155	k__Bacteria (UID203)	5449	103	58	6.29	0.00	0.00	782590	0	145	145	5453	5453	5397	5397	35601	35601	58.0	10.13	79.70	4	824	93	10	0	0	0	0
bin.156	root (UID1)	5656	56	24	0.00	0.00	0.00	292553	0	61	61	5360	5360	4795	4795	10878	10878	53.6	1.22	89.06	11	329	56	0	0	0	0	0
bin.157	k__Bacteria (UID203)	5449	104	58	13.02	1.72	0.00	4215411	0	1188	1188	3350	3350	3548	3548	28337	28337	49.9	6.02	72.54	4	6159	85	18	1	0	0	0
bin.158	k__Bacteria (UID203)	5449	104	58	81.47	166.18	57.21	14446162	0	2303	2303	7155	7155	6272	6272	50539	50539	56.6	2.21	88.60	11	13815	40	13	15	19	11	6
bin.159	k__Bacteria (UID203)	5449	104	58	20.69	1.72	0.00	2571530	0	517	517	5315	5315	4973	4973	20400	20400	61.4	3.05	86.49	11	2586	90	13	1	0	0	0
bin.16	k__Bacteria (UID203)	5449	104	58	31.52	5.17	100.00	2777202	0	526	526	5611	5611	5279	5279	36326	36326	71.1	1.94	88.51	11	3036	78	22	4	0	0	0
bin.160	k__Bacteria (UID203)	5449	104	58	63.43	9.48	57.14	3861937	0	750	750	5450	5450	5149	5149	30882	30882	66.9	1.86	89.78	11	4438	57	42	4	1	0	0
bin.161	k__Bacteria (UID203)	5449	104	58	78.70	57.46	86.79	3822476	0	777	777	5063	5063	4919	4919	22491	22491	64.2	1.65	91.37	11	4544	31	24	47	2	0	0
bin.162	k__Bacteria (UID2565)	2921	143	88	16.44	0.00	0.00	1886496	0	531	531	3479	3479	3552	3552	11376	11376	72.7	2.36	90.52	11	2167	114	29	0	0	0	0
bin.163	k__Bacteria (UID203)	5449	104	58	5.17	0.00	0.00	243332	0	13	13	26990	26990	18717	18717	56152	56152	70.6	1.24	90.46	11	228	101	3	0	0	0	0
bin.164	root (UID1)	5656	56	24	0.00	0.00	0.00	266563	0	64	64	4300	4300	4165	4165	18697	18697	68.2	2.53	90.25	11	277	56	0	0	0	0	0
bin.165	o__Actinomycetales (UID1697)	387	330	193	91.15	3.16	61.54	3841874	0	340	340	16737	16737	11299	11299	111380	111380	72.4	1.55	91.95	11	4060	28	291	10	1	0	0
bin.166	o__Actinomycetales (UID1697)	387	330	193	86.02	1.90	25.00	3208262	0	325	325	13912	13912	9871	9871	45095	45095	73.1	1.47	93.21	11	3310	54	268	8	0	0	0
bin.167	k__Bacteria (UID3187)	2258	188	117	91.45	2.62	20.00	4344595	0	95	95	76424	76424	45732	45732	308860	308860	62.1	1.25	89.20	11	3954	11	172	5	0	0	0
bin.168	root (UID1)	5656	56	24	0.00	0.00	0.00	245450	0	56	56	4238	4238	4383	4383	13434	13434	69.7	1.98	90.88	11	300	56	0	0	0	0	0
bin.169	k__Bacteria (UID203)	5449	103	57	1.75	0.00	0.00	355997	0	99	99	3479	3479	3595	3595	10234	10234	70.8	2.02	85.63	11	480	102	1	0	0	0	0
bin.17	root (UID1)	5656	56	24	0.00	0.00	0.00	294810	0	86	86	3426	3426	3428	3428	7129	7129	70.8	1.20	86.47	11	364	56	0	0	0	0	0
bin.170	o__Rhodospirillales (UID3754)	63	336	201	69.77	1.99	100.00	4491442	0	587	587	9323	9323	7651	7651	72895	72895	65.0	3.02	89.95	11	4800	125	206	5	0	0	0
bin.171	k__Archaea (UID2)	207	149	107	3.49	0.00	0.00	793919	0	203	203	3780	3780	3910	3910	16681	16681	58.1	9.08	77.43	11	757	142	7	0	0	0	0
bin.172	o__Actinomycetales (UID1696)	455	315	190	90.48	3.95	53.85	4784074	0	341	341	24155	24155	14029	14029	87497	87497	70.0	2.02	89.02	11	4955	43	259	13	0	0	0
bin.173	k__Bacteria (UID203)	5449	103	57	50.00	0.00	0.00	534615	0	113	113	4970	4970	4731	4731	15795	15795	35.5	1.45	88.94	11	606	71	32	0	0	0	0
bin.174	o__Actinomycetales (UID1593)	69	400	198	54.86	2.88	46.15	2636992	0	547	547	5016	5016	4820	4820	36754	36754	64.4	9.52	85.09	11	2807	175	212	13	0	0	0
bin.175	o__Actinomycetales (UID1590)	562	286	170	90.00	0.59	0.00	5501360	0	148	148	61471	61471	37171	37171	155107	155107	71.6	1.39	90.89	11	5009	31	254	1	0	0	0
bin.176	p__Actinobacteria (UID1454)	732	200	117	60.97	3.85	37.50	3322443	0	712	712	4870	4870	4666	4666	21000	21000	73.4	1.97	93.08	11	3899	84	108	8	0	0	0
bin.177	k__Bacteria (UID203)	5449	104	58	5.49	0.00	0.00	925938	0	119	119	11243	11243	7780	7780	61264	61264	61.6	7.95	75.21	11	1009	97	7	0	0	0	0
bin.178	k__Bacteria (UID203)	5449	104	58	6.90	0.00	0.00	527716	0	100	100	5370	5370	5277	5277	23244	23244	56.7	1.31	91.84	11	507	100	4	0	0	0	0
bin.179	root (UID1)	5656	56	24	0.00	0.00	0.00	267630	0	65	65	4010	4010	4117	4117	15383	15383	64.9	2.73	88.17	11	272	56	0	0	0	0	0
bin.18	k__Bacteria (UID203)	5449	104	58	5.17	0.00	0.00	207122	0	14	14	27384	27384	14794	14794	30442	30442	68.3	0.58	86.17	11	218	101	3	0	0	0	0
bin.180	p__Bacteroidetes (UID2591)	364	303	203	72.73	1.69	57.14	3390564	0	564	564	6676	6676	6011	6011	47312	47312	41.8	2.43	86.52	11	3427	78	218	7	0	0	0
bin.181	root (UID1)	5656	56	24	12.50	0.00	0.00	1170892	0	307	307	3661	3661	3813	3813	13706	13706	66.3	1.46	90.43	11	1314	53	3	0	0	0	0
bin.182	o__Rhodospirillales (UID3754)	63	336	201	90.15	2.28	83.33	4678260	0	520	520	11730	11730	8996	8996	48908	48908	73.7	1.85	91.82	11	5024	56	274	6	0	0	0
bin.183	k__Bacteria (UID203)	5449	104	58	16.09	0.00	0.00	774018	0	177	177	4327	4327	4372	4372	16062	16062	64.9	1.54	90.87	11	789	93	11	0	0	0	0
bin.184	o__Rhizobiales (UID3654)	92	481	319	84.15	39.64	57.54	8592710	0	1830	1830	4851	4851	4695	4695	61537	61537	67.7	4.93	83.88	11	9901	94	232	146	7	2	0
bin.185	k__Bacteria (UID203)	5449	104	58	56.82	6.90	25.00	3276067	0	481	481	8337	8337	6810	6810	41322	41322	72.6	1.85	88.72	11	3444	66	34	4	0	0	0
bin.186	o__Actinomycetales (UID1593)	69	400	198	94.13	2.53	16.67	2942398	0	211	211	21389	21389	13945	13945	94137	94137	66.5	1.86	92.34	11	2965	23	371	6	0	0	0
bin.187	k__Bacteria (UID203)	5449	104	58	55.52	3.45	50.00	2786711	0	550	550	5425	5425	5066	5066	14590	14590	58.6	2.01	90.09	11	2812	63	39	2	0	0	0
bin.188	root (UID1)	5656	56	24	4.17	0.00	0.00	2288392	0	419	419	5781	5781	5461	5461	60441	60441	63.7	8.27	79.45	11	2584	55	1	0	0	0	0
bin.189	k__Bacteria (UID203)	5449	104	58	61.21	0.00	0.00	2466193	0	380	380	7688	7688	6489	6489	29168	29168	42.0	1.93	88.35	11	2590	63	41	0	0	0	0
bin.19	root (UID1)	5656	56	24	0.00	0.00	0.00	223065	0	5	5	61797	61797	44613	44613	70903	70903	48.1	0.51	57.80	11	309	56	0	0	0	0	0
bin.190	k__Bacteria (UID1452)	924	161	108	30.51	0.00	0.00	1447181	0	334	334	4530	4530	4332	4332	13554	13554	66.8	1.87	91.65	11	1736	110	51	0	0	0	0
bin.191	o__Actinomycetales (UID1815)	120	573	265	69.84	6.37	16.67	6891321	0	1363	1363	5359	5359	5055	5055	111674	111674	66.3	1.97	89.63	11	8076	189	346	36	2	0	0
bin.192	root (UID1)	5656	56	24	0.00	0.00	0.00	423718	0	92	92	4575	4575	4605	4605	9932	9932	48.8	0.98	91.96	11	425	56	0	0	0	0	0
bin.193	root (UID1)	5656	56	24	0.00	0.00	0.00	346934	0	80	80	4281	4281	4336	4336	9908	9908	64.1	1.66	88.08	11	482	56	0	0	0	0	0
bin.194	k__Bacteria (UID203)	5449	104	58	32.76	0.00	0.00	2212784	0	475	475	4915	4915	4658	4658	27885	27885	70.5	3.97	86.99	11	2433	83	21	0	0	0	0
bin.195	k__Archaea (UID2)	207	149	107	42.31	22.92	1.52	56966617	0	5308	5308	14713	14713	10732	10732	113422	113422	50.2	1.79	62.96	11	122776	78	44	15	10	1	1
bin.196	k__Bacteria (UID203)	5449	104	58	10.47	0.00	0.00	224290	0	8	8	42464	42464	28036	28036	67303	67303	68.8	1.05	90.72	11	245	90	14	0	0	0	0
bin.197	root (UID1)	5656	56	24	0.00	0.00	0.00	795518	0	184	184	3988	3988	4323	4323	30291	30291	77.1	1.63	92.87	11	875	56	0	0	0	0	0
bin.198	k__Bacteria (UID203)	5449	104	58	46.36	2.98	100.00	1906595	0	407	407	4715	4715	4684	4684	23479	23479	65.1	2.02	85.52	11	2242	48	38	17	1	0	0
bin.199	p__Bacteroidetes (UID2591)	364	302	203	89.40	2.44	55.56	3711034	0	247	247	19722	19722	15024	15024	91129	91129	48.5	1.56	86.42	11	3444	36	257	9	0	0	0
bin.2	k__Archaea (UID2)	207	149	107	50.43	15.96	0.00	45854437	0	9419	9419	5073	5073	4868	4868	31598	31598	36.6	3.04	43.86	11	58696	70	58	16	5	0	0
bin.20	k__Bacteria (UID203)	5449	104	58	12.07	0.00	0.00	1862678	0	362	362	5227	5227	5145	5145	53178	53178	62.0	7.37	79.83	11	2100	93	11	0	0	0	0
bin.200	o__Sphingomonadales (UID3310)	26	569	293	81.15	7.54	60.61	2777201	0	453	453	6825	6825	6130	6130	31631	31631	69.2	1.94	91.80	11	3137	121	417	30	1	0	0
bin.201	k__Bacteria (UID203)	5449	104	58	96.53	76.00	57.69	11906082	0	737	737	39003	39003	16154	16154	316069	316069	65.6	8.02	84.70	11	11864	15	30	51	7	1	0
bin.202	root (UID1)	5656	56	24	4.17	0.00	0.00	331426	0	85	85	3955	3955	3899	3899	7615	7615	55.9	1.13	93.61	11	397	55	1	0	0	0	0
bin.203	o__Rhizobiales (UID3450)	238	513	244	90.94	5.07	8.00	3990044	0	490	490	10002	10002	8142	8142	46567	46567	64.5	1.67	88.53	11	4245	42	446	25	0	0	0
bin.204	o__Sphingomonadales (UID3310)	26	569	293	91.45	5.94	12.20	3094414	0	314	314	14394	14394	9854	9854	59817	59817	66.8	2.11	89.69	11	3226	46	486	35	2	0	0
bin.205	root (UID1)	5656	56	24	0.00	0.00	0.00	678020	0	87	87	10751	10751	7793	7793	26006	26006	68.1	1.43	82.36	11	834	56	0	0	0	0	0
bin.206	k__Bacteria (UID203)	5449	104	58	23.79	0.00	0.00	990922	0	271	271	3622	3622	3656	3656	9535	9535	72.8	2.10	90.82	11	1160	84	20	0	0	0	0
bin.207	o__Rhodospirillales (UID3754)	63	336	201	47.11	5.84	6.25	4043152	0	676	676	6468	6468	5980	5980	62107	62107	64.0	6.89	87.35	11	4307	181	139	16	0	0	0
bin.208	k__Bacteria (UID203)	5449	104	58	8.62	0.00	0.00	898614	0	241	241	3745	3745	3728	3728	8681	8681	71.2	2.59	90.65	11	1089	98	6	0	0	0	0
bin.209	k__Bacteria (UID3187)	2258	187	116	88.85	2.80	100.00	3337926	0	407	407	9976	9976	8201	8201	38570	38570	61.8	1.74	89.79	11	3207	27	155	5	0	0	0
bin.21	k__Bacteria (UID203)	5449	104	58	27.59	0.00	0.00	2446189	0	550	550	4585	4585	4447	4447	19045	19045	73.7	1.68	91.11	11	2793	86	18	0	0	0	0
bin.210	k__Bacteria (UID3187)	2258	188	117	88.31	8.83	23.08	4854971	0	83	83	109745	109745	58493	58493	276661	276661	50.3	1.64	88.39	11	4474	27	148	13	0	0	0
bin.211	o__Actinomycetales (UID1696)	455	315	190	89.58	2.89	0.00	8266996	0	350	350	38147	38147	23619	23619	159990	159990	72.5	1.54	90.72	11	7797	60	248	7	0	0	0
bin.212	o__Sphingomonadales (UID3310)	26	569	293	86.04	4.30	38.89	3015836	0	76	76	69903	69903	39682	39682	218896	218896	68.8	1.53	91.50	11	2984	104	447	18	0	0	0
bin.213	k__Bacteria (UID203)	5449	104	58	90.91	13.79	49.06	3348947	0	213	213	21492	21492	15722	15722	87236	87236	71.2	2.10	90.35	11	3422	8	65	20	11	0	0
bin.214	k__Bacteria (UID3187)	2258	187	116	69.25	5.17	85.71	2811385	0	340	340	10367	10367	8268	8268	39222	39222	62.7	1.83	90.94	11	2598	80	100	7	0	0	0
bin.215	k__Bacteria (UID203)	5449	104	58	42.87	6.90	0.00	1943938	0	416	416	4879	4879	4672	4672	15330	15330	54.1	1.64	90.28	11	2069	71	29	4	0	0	0
bin.216	o__Rhodospirillales (UID3754)	63	336	201	94.22	0.36	25.00	5270954	0	464	464	16147	16147	11359	11359	57388	57388	64.0	2.01	89.23	11	5254	17	315	4	0	0	0
bin.217	p__Bacteroidetes (UID2605)	350	316	210	87.22	1.07	80.00	3234968	0	255	255	17225	17225	12686	12686	72285	72285	46.1	1.83	88.61	11	3144	61	250	5	0	0	0
bin.218	k__Bacteria (UID1452)	924	158	106	35.05	0.00	0.00	1900688	0	483	483	3989	3989	3935	3935	9067	9067	67.9	1.70	83.60	11	1985	99	59	0	0	0	0
bin.219	root (UID1)	5656	56	24	4.17	0.00	0.00	577502	0	139	139	4007	4007	4154	4154	10859	10859	64.0	2.84	88.18	11	621	55	1	0	0	0	0
bin.22	root (UID1)	5656	56	24	0.00	0.00	0.00	241559	0	14	14	24994	24994	17254	17254	41274	41274	70.6	1.23	82.61	11	256	56	0	0	0	0	0
bin.220	k__Bacteria (UID203)	5449	104	58	39.31	1.72	0.00	2082306	0	471	471	4481	4481	4421	4421	15656	15656	75.7	1.83	90.71	11	2359	76	27	1	0	0	0
bin.221	o__Cytophagales (UID2936)	47	454	336	88.72	4.32	50.00	5280736	0	404	404	16669	16669	13071	13071	65173	65173	51.0	1.84	89.09	11	4998	70	370	13	1	0	0
bin.222	k__Bacteria (UID1452)	924	161	108	75.02	0.46	100.00	3200235	0	462	462	8018	8018	6926	6926	92690	92690	55.5	1.53	86.10	11	3043	41	119	1	0	0	0
bin.223	o__Actinomycetales (UID1802)	274	387	213	90.75	5.24	26.32	4927861	0	404	404	18734	18734	12197	12197	100819	100819	72.0	1.69	88.73	11	4676	37	331	19	0	0	0
bin.224	o__Cytophagales (UID2936)	47	454	336	92.87	9.13	79.55	6021913	0	340	340	23859	23859	17711	17711	115354	115354	54.1	1.93	90.21	11	5565	32	378	44	0	0	0
bin.225	root (UID1)	5656	56	24	0.00	0.00	0.00	402706	0	58	58	9246	9246	6943	6943	26945	26945	66.7	1.91	82.80	11	486	56	0	0	0	0	0
bin.226	k__Bacteria (UID1452)	924	161	108	89.93	2.04	33.33	3996583	0	190	190	32491	32491	21034	21034	177361	177361	58.4	1.74	84.96	11	3481	21	137	3	0	0	0
bin.227	k__Bacteria (UID203)	5449	104	58	10.34	0.00	0.00	1526613	0	309	309	5125	5125	4940	4940	32309	32309	69.2	2.27	86.15	11	1814	96	8	0	0	0	0
bin.228	k__Bacteria (UID203)	5449	104	58	20.69	0.00	0.00	255078	0	40	40	6576	6576	6376	6376	22888	22888	52.7	1.24	86.21	11	267	89	15	0	0	0	0
bin.229	k__Archaea (UID2)	207	149	107	1.37	0.00	0.00	564192	0	19	19	57509	57509	29694	29694	82086	82086	40.9	1.04	54.54	11	798	142	7	0	0	0	0
bin.23	k__Bacteria (UID1452)	924	161	108	46.24	0.00	0.00	2245215	0	409	409	5940	5940	5489	5489	22327	22327	62.1	2.14	90.85	11	2552	86	75	0	0	0	0
bin.230	k__Bacteria (UID203)	5449	104	58	11.21	0.00	0.00	1181902	0	250	250	4799	4799	4727	4727	25899	25899	61.2	2.54	85.86	11	1299	97	7	0	0	0	0
bin.231	root (UID1)	5656	56	24	0.00	0.00	0.00	1130290	0	65	65	32046	32046	17389	17389	94273	94273	50.2	1.71	72.93	4	2140	56	0	0	0	0	0
bin.232	k__Bacteria (UID203)	5449	104	58	27.41	6.03	80.00	1247106	0	358	358	3400	3400	3483	3483	8511	8511	70.3	1.61	93.04	11	1526	84	15	5	0	0	0
bin.233	o__Rhodospirillales (UID3754)	63	336	201	91.54	1.66	0.00	4503486	0	152	152	47550	47550	29628	29628	196321	196321	68.8	1.67	92.81	11	4403	20	310	6	0	0	0
bin.234	o__Rhodospirillales (UID3754)	63	336	201	91.85	6.86	20.69	4519088	0	392	392	17176	17176	11528	11528	72428	72428	70.7	2.12	89.51	11	4662	27	280	29	0	0	0
bin.235	root (UID1)	5656	56	24	0.00	0.00	0.00	1320680	0	219	219	7196	7196	6030	6030	44368	44368	64.7	1.78	82.18	11	1703	56	0	0	0	0	0
bin.236	k__Bacteria (UID203)	5449	103	58	43.06	3.45	50.00	3112146	0	796	796	3866	3866	3909	3909	26854	26854	68.4	1.59	90.88	11	3522	71	30	2	0	0	0
bin.237	o__Actinomycetales (UID2012)	35	495	282	69.27	33.25	79.89	9664945	0	1642	1642	6408	6408	5886	5886	122297	122297	73.6	2.15	89.40	11	11048	166	182	138	6	3	0
bin.238	k__Bacteria (UID3187)	2258	182	112	79.95	0.89	0.00	2328528	0	313	313	8505	8505	7439	7439	43814	43814	55.4	1.61	92.91	11	2492	31	150	1	0	0	0
bin.239	k__Bacteria (UID203)	5449	104	58	10.34	0.00	0.00	1535909	0	269	269	6301	6301	5709	5709	35976	35976	53.7	1.67	89.45	11	1599	98	6	0	0	0	0
bin.24	o__Sphingomonadales (UID3310)	26	569	293	86.63	5.18	22.22	2776101	0	347	347	10429	10429	8000	8000	41602	41602	68.0	2.17	92.24	11	3005	106	438	24	1	0	0
bin.240	root (UID1)	5656	56	24	8.33	0.00	0.00	978171	0	257	257	3790	3790	3806	3806	16977	16977	72.4	1.72	88.13	11	1192	54	2	0	0	0	0
bin.241	k__Bacteria (UID203)	5449	104	58	36.89	1.72	0.00	1363848	0	355	355	3878	3878	3841	3841	12385	12385	67.8	1.88	92.30	11	1644	74	29	1	0	0	0
bin.242	root (UID1)	5656	56	24	0.00	0.00	0.00	1882191	0	104	104	26805	26805	18097	18097	85221	85221	71.8	4.35	87.20	11	1915	56	0	0	0	0	0
bin.243	k__Bacteria (UID203)	5449	103	58	2.43	0.16	0.00	773254	0	100	100	10659	10659	7732	7732	41589	41589	62.2	9.03	80.03	11	837	92	10	1	0	0	0
bin.244	k__Bacteria (UID203)	5449	104	58	40.66	0.00	0.00	1670259	0	383	383	4453	4453	4360	4360	18433	18433	68.3	1.83	91.65	11	1967	72	32	0	0	0	0
bin.245	root (UID1)	5656	56	24	0.00	0.00	0.00	491022	0	98	98	5326	5326	5010	5010	14868	14868	67.7	1.54	87.04	11	705	56	0	0	0	0	0
bin.246	o__Sphingomonadales (UID3310)	26	569	293	96.60	2.03	44.44	3424011	0	132	132	50008	50008	25939	25939	169809	169809	67.8	1.50	91.44	11	3374	13	547	9	0	0	0
bin.247	k__Bacteria (UID203)	5449	104	58	2.93	0.00	0.00	1354650	0	163	163	16090	16090	8310	8310	78844	78844	50.9	6.50	82.17	4	1564	98	6	0	0	0	0
bin.248	k__Bacteria (UID203)	5449	103	57	41.81	3.51	50.00	1931915	0	364	364	5549	5549	5307	5307	34606	34606	70.3	2.14	91.35	11	2187	74	27	2	0	0	0
bin.249	root (UID1)	5656	56	24	0.00	0.00	0.00	349505	0	102	102	3401	3401	3426	3426	9948	9948	60.7	1.35	82.14	4	554	56	0	0	0	0	0
bin.25	o__Sphingomonadales (UID3310)	26	569	293	88.97	12.48	57.75	3473006	0	318	318	14636	14636	10921	10921	55809	55809	68.9	1.72	89.50	11	3662	90	419	56	3	1	0
bin.250	k__Bacteria (UID3187)	2258	188	117	90.55	11.28	10.53	4538201	0	443	443	14698	14698	10244	10244	56861	56861	50.4	2.22	88.66	11	4540	20	149	19	0	0	0
bin.251	c__Alphaproteobacteria (UID3305)	564	337	221	92.95	0.24	100.00	2770975	0	135	135	29485	29485	20525	20525	85744	85744	70.1	1.95	92.26	11	2763	30	305	2	0	0	0
bin.252	k__Bacteria (UID203)	5449	104	58	0.00	0.00	0.00	385995	0	57	57	8003	8003	6771	6771	21061	21061	63.9	1.83	79.51	11	465	104	0	0	0	0	0
bin.253	root (UID1)	5656	56	24	0.00	0.00	0.00	440884	0	59	59	9495	9495	7472	7472	18481	18481	67.0	1.86	79.14	11	514	56	0	0	0	0	0
bin.254	root (UID1)	5656	56	24	1.04	0.00	0.00	226940	0	45	45	5541	5541	5043	5043	12492	12492	63.9	1.75	86.35	11	267	55	1	0	0	0	0
bin.255	root (UID1)	5656	56	24	0.00	0.00	0.00	303103	0	86	86	3554	3554	3524	3524	7751	7751	68.6	5.39	87.50	11	355	56	0	0	0	0	0
bin.256	o__Rhodospirillales (UID3754)	63	336	201	79.73	1.41	50.00	5116175	0	382	382	19541	19541	13393	13393	91322	91322	66.8	3.40	92.20	11	5186	86	246	4	0	0	0
bin.257	c__Deltaproteobacteria (UID3216)	83	247	155	91.83	5.65	0.00	8342422	0	64	64	226220	226220	130350	130350	680347	680347	65.9	0.78	91.43	11	7274	14	224	8	1	0	0
bin.258	root (UID1)	5656	56	24	0.00	0.00	0.00	280942	0	35	35	10432	10432	8026	8026	29370	29370	63.8	8.78	82.01	11	285	56	0	0	0	0	0
bin.259	root (UID1)	5656	56	24	4.17	0.00	0.00	457708	0	108	108	4086	4086	4238	4238	21610	21610	66.7	3.89	86.75	11	544	55	1	0	0	0	0
bin.26	root (UID1)	5656	56	24	8.33	0.00	0.00	1845524	0	422	422	4372	4372	4373	4373	29605	29605	63.0	2.87	87.73	11	1816	54	2	0	0	0	0
bin.260	root (UID1)	5656	56	24	0.00	0.00	0.00	520820	0	107	107	5793	5793	4867	4867	12354	12354	64.8	5.45	77.73	11	631	56	0	0	0	0	0
bin.261	k__Archaea (UID2)	207	149	107	1.87	0.00	0.00	204785	0	53	53	3853	3853	3863	3863	8667	8667	53.0	1.10	80.50	4	232	146	3	0	0	0	0
bin.262	k__Bacteria (UID203)	5449	104	58	17.21	0.00	0.00	1203924	0	304	304	3871	3871	3960	3960	68704	68704	65.5	4.31	90.08	11	1368	87	17	0	0	0	0
bin.263	root (UID1)	5656	56	24	0.00	0.00	0.00	359645	0	9	9	41027	41027	39960	39960	155517	155517	49.7	0.34	40.52	11	543	56	0	0	0	0	0
bin.264	o__Actinomycetales (UID1697)	387	330	193	71.16	5.87	46.67	3840980	0	537	537	8774	8774	7152	7152	48351	48351	69.9	9.09	84.05	11	3864	106	209	15	0	0	0
bin.265	c__Alphaproteobacteria (UID3305)	564	349	230	74.94	2.41	42.86	2033586	0	365	365	6039	6039	5571	5571	28340	28340	70.1	1.66	92.23	11	2269	107	235	7	0	0	0
bin.266	c__Bacilli (UID259)	750	275	151	61.78	0.38	0.00	1943417	0	345	345	6151	6151	5633	5633	23583	23583	45.5	1.73	88.56	11	2221	97	175	3	0	0	0
bin.267	k__Bacteria (UID203)	5449	104	58	8.62	0.00	0.00	334311	0	76	76	4373	4373	4398	4398	9961	9961	75.8	1.45	93.22	11	378	99	5	0	0	0	0
bin.268	k__Bacteria (UID203)	5449	103	58	49.61	1.72	100.00	2801756	0	665	665	4150	4150	4213	4213	27975	27975	69.3	1.78	90.83	11	3057	65	37	1	0	0	0
bin.269	root (UID1)	5656	56	24	0.00	0.00	0.00	683012	0	74	74	11916	11916	9229	9229	49304	49304	48.5	1.05	84.99	11	733	56	0	0	0	0	0
bin.27	k__Bacteria (UID203)	5449	103	57	0.16	0.00	0.00	785627	0	6	6	194508	194508	130937	130937	229026	229026	48.5	0.46	75.01	4	956	102	1	0	0	0	0
bin.270	root (UID1)	5656	56	24	0.00	0.00	0.00	322237	0	9	9	72581	72581	35804	35804	125078	125078	65.3	0.79	80.09	11	368	56	0	0	0	0	0
bin.271	o__Actinomycetales (UID1697)	387	330	193	89.38	7.17	10.00	3537904	0	522	522	8779	8779	6777	6777	54519	54519	72.0	4.05	91.59	11	3851	40	272	17	1	0	0
bin.272	k__Bacteria (UID203)	5449	103	57	55.05	10.53	0.00	4783556	0	1125	1125	4327	4327	4252	4252	19425	19425	70.6	1.75	91.90	11	5350	59	37	7	0	0	0
bin.273	o__Cytophagales (UID2936)	47	454	336	97.02	0.33	100.00	6156165	0	134	134	74967	74967	45941	45941	232486	232486	50.3	1.58	88.91	11	5275	24	427	3	0	0	0
bin.274	k__Bacteria (UID3187)	2258	188	117	68.19	4.27	33.33	3193273	0	529	529	6855	6855	6036	6036	32927	32927	51.8	2.36	88.49	11	3245	60	122	6	0	0	0
bin.275	k__Bacteria (UID2570)	433	274	183	84.17	4.28	50.00	3340522	0	470	470	8711	8711	7107	7107	42644	42644	72.8	2.06	90.38	11	3332	72	192	10	0	0	0
bin.276	c__Alphaproteobacteria (UID3305)	564	349	230	77.07	16.87	46.88	2705456	0	427	427	7507	7507	6335	6335	32232	32232	67.2	1.87	90.87	11	3063	95	196	55	3	0	0
bin.277	root (UID1)	5656	56	24	0.00	0.00	0.00	215989	0	38	38	6208	6208	5683	5683	17109	17109	64.6	0.72	87.66	11	252	56	0	0	0	0	0
bin.278	root (UID1)	5656	56	24	0.00	0.00	0.00	842852	0	108	108	12113	12113	7804	7804	94216	94216	60.8	7.48	82.95	11	867	56	0	0	0	0	0
bin.279	k__Bacteria (UID203)	5449	104	58	38.45	7.47	0.00	2436036	0	645	645	3785	3785	3776	3776	12289	12289	72.4	2.91	91.16	11	2852	72	27	5	0	0	0
bin.28	c__Deltaproteobacteria (UID3216)	83	247	155	73.69	2.06	0.00	2523890	0	356	356	8751	8751	7089	7089	29542	29542	59.8	2.69	90.00	11	2466	63	180	4	0	0	0
bin.280	p__Bacteroidetes (UID2591)	364	303	203	95.73	2.25	28.57	4781738	0	223	223	43952	43952	21442	21442	133364	133364	42.6	7.49	85.36	11	4464	31	265	7	0	0	0
bin.281	o__Rhodospirillales (UID3754)	63	336	201	49.18	0.76	0.00	2632578	0	611	611	4406	4406	4308	4308	18620	18620	68.3	6.08	86.85	11	2868	169	164	3	0	0	0
bin.282	k__Bacteria (UID203)	5449	104	58	13.79	0.00	0.00	885665	0	236	236	3716	3716	3752	3752	10961	10961	64.2	1.67	86.36	11	1164	94	10	0	0	0	0
bin.283	root (UID1)	5656	56	24	0.00	0.00	0.00	2780373	0	547	547	5431	5431	5082	5082	32774	32774	23.1	2.34	5.79	11	748	56	0	0	0	0	0
bin.284	p__Cyanobacteria (UID2189)	82	579	450	98.11	3.85	17.39	7327209	0	231	231	65308	65308	31719	31719	226028	226028	46.5	1.67	84.89	11	7378	9	549	20	1	0	0
bin.285	k__Bacteria (UID203)	5449	104	58	45.14	0.00	0.00	2325870	0	478	478	5148	5148	4865	4865	23087	23087	41.3	1.87	86.18	11	2392	71	33	0	0	0	0
bin.286	root (UID1)	5656	56	24	4.17	0.00	0.00	631627	0	93	93	8349	8349	6791	6791	32858	32858	59.2	5.29	81.59	11	767	55	1	0	0	0	0
bin.287	o__Rhizobiales (UID3654)	92	481	319	70.24	1.41	80.00	2456534	0	477	477	5594	5594	5149	5149	16873	16873	63.4	1.86	92.27	11	2759	147	329	5	0	0	0
bin.288	root (UID1)	5656	56	24	0.00	0.00	0.00	203815	0	54	54	3747	3747	3774	3774	10378	10378	28.1	1.52	70.24	11	201	56	0	0	0	0	0
bin.289	p__Bacteroidetes (UID2591)	364	303	203	93.84	0.25	0.00	3092895	0	49	49	111682	111682	63120	63120	314502	314502	51.8	1.07	89.29	11	2875	13	289	1	0	0	0
bin.29	root (UID1)	5656	56	24	0.00	0.00	0.00	201289	0	46	46	4444	4444	4375	4375	9266	9266	56.7	1.32	92.51	11	178	56	0	0	0	0	0
bin.290	k__Bacteria (UID203)	5449	104	58	55.34	6.90	100.00	3287819	0	566	566	6534	6534	5808	5808	25124	25124	62.4	3.55	87.60	11	3332	63	36	5	0	0	0
bin.291	o__Sphingomonadales (UID3310)	26	569	293	81.74	0.59	88.89	2247592	0	144	144	22184	22184	15608	15608	74834	74834	68.3	1.59	91.06	11	2346	108	452	9	0	0	0
bin.292	k__Bacteria (UID1452)	924	161	108	50.15	1.39	100.00	2117296	0	469	469	4774	4774	4514	4514	17936	17936	57.8	2.05	90.08	11	2048	92	67	2	0	0	0
bin.293	root (UID1)	5656	56	24	0.00	0.00	0.00	297474	0	45	45	8488	8488	6610	6610	27917	27917	61.9	1.58	78.59	11	387	56	0	0	0	0	0
bin.294	root (UID1)	5656	56	24	0.00	0.00	0.00	201946	0	14	14	14605	14605	14424	14424	40565	40565	58.5	0.93	84.73	11	240	56	0	0	0	0	0
bin.295	k__Archaea (UID2)	207	145	103	2.02	0.00	0.00	546700	0	139	139	3937	3937	3933	3933	8117	8117	52.9	1.07	79.25	4	703	141	4	0	0	0	0
bin.296	root (UID1)	5656	56	24	0.00	0.00	0.00	443379	0	65	65	8603	8603	6821	6821	28723	28723	49.8	0.99	85.77	11	460	56	0	0	0	0	0
bin.297	o__Rhizobiales (UID3654)	92	481	319	2.56	0.00	0.00	557073	0	102	102	5682	5682	5461	5461	51648	51648	58.6	10.77	80.22	11	581	452	29	0	0	0	0
bin.298	k__Bacteria (UID203)	5449	104	58	57.40	3.45	50.00	2779138	0	486	486	6188	6188	5718	5718	21972	21972	64.6	1.88	86.00	11	3082	64	38	2	0	0	0
bin.299	o__Actinomycetales (UID1697)	387	330	193	83.31	2.92	72.73	4472583	0	588	588	9674	9674	7606	7606	47413	47413	72.3	1.96	88.52	11	4673	80	239	11	0	0	0
bin.3	k__Bacteria (UID203)	5449	104	58	32.92	1.72	100.00	2411947	0	661	661	3544	3544	3648	3648	17153	17153	75.1	1.94	92.02	11	2901	80	23	1	0	0	0
bin.30	root (UID1)	5656	56	24	0.00	0.00	0.00	222953	0	66	66	3218	3218	3378	3378	6247	6247	65.6	1.40	93.04	11	274	56	0	0	0	0	0
bin.300	k__Bacteria (UID203)	5449	104	58	25.86	0.00	0.00	1463685	0	267	267	5791	5791	5481	5481	25356	25356	66.1	1.57	89.98	11	1657	85	19	0	0	0	0
bin.301	root (UID1)	5656	56	24	0.00	0.00	0.00	601981	0	93	93	7234	7234	6472	6472	53720	53720	70.4	4.81	90.22	11	806	56	0	0	0	0	0
bin.302	k__Bacteria (UID203)	5449	104	58	24.14	0.00	0.00	1639198	0	426	426	3759	3759	3847	3847	12678	12678	64.5	2.27	89.11	11	1848	87	17	0	0	0	0
bin.303	root (UID1)	5656	56	24	0.00	0.00	0.00	288823	0	8	8	48827	48827	36102	36102	68332	68332	49.8	0.21	41.26	11	460	56	0	0	0	0	0
bin.304	k__Bacteria (UID1452)	924	161	108	82.87	5.20	87.50	4758003	0	477	477	13107	13107	9974	9974	52026	52026	63.8	1.31	87.68	11	4230	42	111	8	0	0	0
bin.305	k__Bacteria (UID203)	5449	104	58	12.07	0.00	0.00	772361	0	183	183	4335	4335	4220	4220	21294	21294	60.1	9.31	77.84	11	795	95	9	0	0	0	0
bin.306	k__Bacteria (UID1452)	924	161	108	81.02	0.93	0.00	3973476	0	260	260	21298	21298	15282	15282	111614	111614	55.9	1.46	90.28	11	3703	38	122	1	0	0	0
bin.307	root (UID1)	5656	56	24	0.00	0.00	0.00	291186	0	34	34	11804	11804	8564	8564	52566	52566	62.6	1.22	88.72	11	290	56	0	0	0	0	0
bin.308	k__Bacteria (UID203)	5449	104	58	99.53	97.37	69.52	6521750	0	462	462	27285	27285	14116	14116	119392	119392	68.7	1.92	90.87	11	6679	3	12	81	8	0	0
bin.309	root (UID1)	5656	56	24	0.00	0.00	0.00	226287	0	8	8	32657	32657	28285	28285	55428	55428	50.2	0.39	44.63	11	340	56	0	0	0	0	0
bin.31	k__Bacteria (UID203)	5449	104	58	40.34	0.00	0.00	1401971	0	339	339	4197	4197	4135	4135	15935	15935	55.0	1.67	86.54	11	1432	74	30	0	0	0	0
bin.310	root (UID1)	5656	56	24	0.00	0.00	0.00	388258	0	16	16	56746	56746	24266	24266	109387	109387	69.9	1.02	90.64	11	385	56	0	0	0	0	0
bin.311	k__Bacteria (UID203)	5449	104	58	25.04	8.76	9.09	22547487	0	4416	4416	5429	5429	5105	5105	41814	41814	47.7	1.37	49.45	11	44540	73	24	5	2	0	0
bin.312	c__Alphaproteobacteria (UID3305)	564	349	230	66.60	2.17	50.00	2860217	0	439	439	7582	7582	6515	6515	37630	37630	67.9	1.97	90.49	11	3025	122	221	6	0	0	0
bin.313	k__Archaea (UID2)	207	149	107	31.79	2.79	0.00	15240366	0	3148	3148	5048	5048	4841	4841	18192	18192	51.6	1.00	86.44	4	22008	96	46	7	0	0	0
bin.314	k__Bacteria (UID203)	5449	104	58	23.62	0.00	0.00	1172552	0	274	274	4406	4406	4279	4279	11327	11327	63.8	1.34	94.05	11	1379	87	17	0	0	0	0
bin.315	p__Bacteroidetes (UID2605)	350	316	210	97.75	1.67	25.00	4203392	0	129	129	58455	58455	32584	32584	313471	313471	43.5	1.56	90.47	11	4034	19	293	4	0	0	0
bin.316	root (UID1)	5656	56	24	0.00	0.00	0.00	207235	0	5	5	60512	60512	41447	41447	74572	74572	58.5	0.52	89.16	11	226	56	0	0	0	0	0
bin.317	root (UID1)	5656	56	24	0.00	0.00	0.00	549524	0	4	4	296080	296080	137381	137381	296080	296080	42.1	0.51	90.81	11	858	56	0	0	0	0	0
bin.318	k__Bacteria (UID1453)	901	171	117	9.82	1.10	0.00	2519350	0	579	579	4163	4163	4351	4351	62632	62632	47.9	6.26	76.07	4	3666	137	29	5	0	0	0
bin.319	c__Alphaproteobacteria (UID3422)	26	529	308	98.59	6.67	0.00	3453996	0	102	102	135009	135009	33862	33862	465704	465704	68.6	18.35	86.81	11	3263	6	481	33	9	0	0
bin.32	root (UID1)	5656	56	24	4.17	0.00	0.00	687931	0	114	114	6765	6765	6034	6034	28093	28093	62.1	2.71	84.74	11	824	55	1	0	0	0	0
bin.320	k__Bacteria (UID1452)	924	161	108	78.96	3.03	66.67	3396249	0	350	350	12877	12877	9703	9703	60026	60026	65.5	1.97	89.99	11	3782	36	119	6	0	0	0
bin.321	k__Archaea (UID2)	207	149	107	45.34	26.82	2.04	60246696	0	4204	4204	21155	21155	14330	14330	125737	125737	50.5	1.74	65.81	11	128409	72	46	18	8	3	2
bin.322	root (UID1)	5656	56	24	6.25	0.00	0.00	597177	0	118	118	5129	5129	5060	5060	59761	59761	59.9	1.71	85.88	11	641	53	3	0	0	0	0
bin.323	k__Bacteria (UID203)	5449	104	58	16.38	0.00	0.00	1071806	0	302	302	3469	3469	3549	3549	9314	9314	69.6	1.98	86.46	11	1284	92	12	0	0	0	0
bin.324	o__Cytophagales (UID2936)	47	454	336	93.42	1.01	80.00	5693532	0	470	470	16037	16037	12113	12113	67050	67050	47.0	1.68	88.35	11	5197	54	395	5	0	0	0
bin.325	root (UID1)	5656	56	24	0.00	0.00	0.00	475322	0	82	82	6209	6209	5796	5796	25430	25430	63.3	5.14	82.66	11	527	56	0	0	0	0	0
bin.326	k__Bacteria (UID203)	5449	104	58	21.47	1.88	50.00	2361389	0	590	590	3867	3867	4002	4002	37852	37852	64.7	1.83	89.04	11	2427	86	16	2	0	0	0
bin.327	k__Bacteria (UID203)	5449	104	58	1.88	0.00	0.00	1024168	0	152	152	8866	8866	6737	6737	57998	57998	61.7	7.72	80.90	11	1076	101	3	0	0	0	0
bin.328	k__Bacteria (UID203)	5449	104	58	34.64	3.45	50.00	2656991	0	645	645	4137	4137	4119	4119	15849	15849	69.3	1.41	92.51	11	3101	80	22	2	0	0	0
bin.329	k__Bacteria (UID203)	5449	104	58	8.05	0.00	0.00	691243	0	206	206	3268	3268	3355	3355	10178	10178	75.0	1.72	91.51	11	810	98	6	0	0	0	0
bin.33	o__Actinomycetales (UID1697)	387	330	193	58.64	2.68	71.43	2705410	0	585	585	4868	4868	4624	4624	18100	18100	73.0	3.04	90.87	11	3008	154	169	7	0	0	0
bin.330	o__Actinomycetales (UID1663)	488	310	185	89.04	0.00	0.00	3770954	0	313	313	17165	17165	12047	12047	68562	68562	75.8	1.86	91.26	11	3886	47	263	0	0	0	0
bin.331	o__Rhizobiales (UID3654)	92	481	319	94.55	22.32	38.32	5236141	0	408	408	17638	17638	12833	12833	68818	68818	71.5	1.97	88.35	11	5173	36	350	89	6	0	0
bin.332	k__Bacteria (UID203)	5449	103	57	8.77	0.00	0.00	342822	0	8	8	64566	64566	42852	42852	81008	81008	70.2	1.07	91.53	11	311	96	7	0	0	0	0
bin.333	root (UID1)	5656	56	24	0.00	0.00	0.00	200971	0	6	6	105352	105352	33495	33495	105352	105352	45.5	1.19	87.43	11	202	56	0	0	0	0	0
bin.334	p__Actinobacteria (UID1454)	732	200	117	99.15	0.00	0.00	3472323	0	39	39	183409	183409	89033	89033	386598	386598	72.5	1.00	94.87	11	3619	2	198	0	0	0	0
bin.335	k__Bacteria (UID203)	5449	104	58	27.18	8.73	0.00	17486084	0	1251	1251	19201	19201	13977	13977	103854	103854	52.3	1.96	84.44	4	24800	58	27	14	5	0	0
bin.336	root (UID1)	5656	56	24	0.00	0.00	0.00	895297	0	133	133	7837	7837	6731	6731	50306	50306	72.6	8.34	85.66	11	967	56	0	0	0	0	0
bin.337	k__Bacteria (UID203)	5449	104	58	13.79	0.00	0.00	362286	0	105	105	3351	3351	3450	3450	6778	6778	68.1	1.55	92.63	11	439	94	10	0	0	0	0
bin.338	p__Actinobacteria (UID1454)	732	200	117	92.05	2.64	50.00	4200588	0	237	237	27434	27434	17724	17724	114077	114077	72.9	1.57	93.74	11	4440	20	176	4	0	0	0
bin.339	k__Archaea (UID2)	207	149	107	15.00	1.46	40.00	725718	0	219	219	3231	3231	3313	3313	8891	8891	25.3	2.20	77.86	11	972	119	25	5	0	0	0
bin.34	o__Rhodospirillales (UID3754)	63	336	201	83.84	2.32	83.33	4059397	0	425	425	12106	12106	9551	9551	49671	49671	69.9	2.62	93.84	11	4178	55	275	6	0	0	0
bin.340	k__Bacteria (UID203)	5449	104	58	5.17	0.00	0.00	659664	0	188	188	3334	3334	3508	3508	33346	33346	50.8	4.85	81.72	4	910	99	5	0	0	0	0
bin.341	k__Bacteria (UID1452)	924	161	108	73.61	5.38	75.00	3583304	0	333	333	13997	13997	10760	10760	46583	46583	61.8	1.73	91.50	11	3701	32	121	8	0	0	0
bin.342	o__Actinomycetales (UID1815)	120	573	265	38.27	1.08	42.86	1992674	0	488	488	4182	4182	4083	4083	12210	12210	69.3	2.61	92.63	11	2304	351	215	7	0	0	0
bin.343	k__Bacteria (UID203)	5449	104	58	65.52	0.00	0.00	4676950	0	635	635	8983	8983	7365	7365	35161	35161	43.2	2.11	82.80	11	4257	59	45	0	0	0	0
bin.344	k__Bacteria (UID203)	5449	104	58	16.72	0.86	0.00	2316108	0	494	494	4583	4583	4688	4688	40139	40139	76.2	1.84	91.10	11	2779	92	11	1	0	0	0
bin.345	root (UID1)	5656	56	24	4.17	0.00	0.00	1073443	0	208	208	5426	5426	5160	5160	20995	20995	60.4	1.60	86.74	11	1038	55	1	0	0	0	0
bin.346	k__Bacteria (UID203)	5449	104	58	21.00	0.00	0.00	603144	0	120	120	5202	5202	5026	5026	18686	18686	64.4	1.58	93.51	11	702	85	19	0	0	0	0
bin.347	k__Bacteria (UID203)	5449	103	58	0.16	0.00	0.00	491522	0	30	30	26885	26885	16384	16384	62148	62148	49.6	4.27	40.41	11	780	102	1	0	0	0	0
bin.348	root (UID1)	5656	56	24	0.00	0.00	0.00	226459	0	8	8	37280	37280	28307	28307	92438	92438	46.5	0.99	42.79	11	291	56	0	0	0	0	0
bin.349	k__Bacteria (UID203)	5449	103	57	15.44	0.00	0.00	452352	0	122	122	3561	3561	3707	3707	8587	8587	66.3	2.10	89.14	11	536	90	13	0	0	0	0
bin.35	o__Actinomycetales (UID1593)	69	400	198	67.06	5.74	18.18	2585803	0	540	540	4987	4987	4788	4788	23374	23374	66.9	1.71	91.58	11	2845	151	227	22	0	0	0
bin.350	k__Bacteria (UID203)	5449	104	58	8.62	0.00	0.00	1115132	0	303	303	3544	3544	3680	3680	17842	17842	74.6	1.90	90.98	11	1329	99	5	0	0	0	0
bin.351	k__Bacteria (UID203)	5449	104	58	37.23	0.00	0.00	2907818	0	542	542	5940	5940	5364	5364	26296	26296	71.7	5.05	86.66	11	3160	77	27	0	0	0	0
bin.352	p__Bacteroidetes (UID2605)	350	316	210	88.10	2.89	50.00	3324852	0	277	277	18569	18569	12003	12003	63535	63535	41.2	2.11	88.88	11	3172	31	275	10	0	0	0
bin.353	k__Bacteria (UID203)	5449	103	58	0.47	0.00	0.00	503580	0	71	71	8837	8837	7092	7092	37371	37371	57.6	10.28	69.86	11	522	100	3	0	0	0	0
bin.354	k__Bacteria (UID203)	5449	104	58	73.07	3.45	0.00	4599513	0	571	571	10397	10397	8055	8055	47838	47838	63.6	2.57	87.41	11	4403	51	50	3	0	0	0
bin.355	k__Bacteria (UID3187)	2258	187	116	27.51	3.02	0.00	1378029	0	235	235	5819	5819	5863	5863	67872	67872	61.7	3.45	90.13	11	1460	133	50	3	1	0	0
bin.356	o__Sphingomonadales (UID3310)	26	569	293	80.03	3.84	57.89	2463975	0	225	225	17347	17347	10951	10951	67764	67764	69.8	1.72	90.62	11	2610	106	444	19	0	0	0
bin.357	o__Burkholderiales (UID4000)	193	427	214	88.61	4.67	56.52	4793342	0	660	660	8857	8857	7262	7262	44506	44506	64.5	1.99	92.03	11	5136	58	346	23	0	0	0
bin.358	k__Bacteria (UID203)	5449	104	58	62.55	1.72	100.00	4399155	0	455	455	12896	12896	9668	9668	56011	56011	71.6	1.94	88.62	11	4405	56	47	1	0	0	0
bin.359	o__Actinomycetales (UID1815)	120	573	265	98.46	30.41	58.65	7602801	0	475	475	41201	41201	16005	16005	192411	192411	67.2	1.31	92.26	11	7726	25	392	133	21	2	0
bin.36	root (UID1)	5656	56	24	0.00	0.00	0.00	223986	0	52	52	4316	4316	4307	4307	15773	15773	66.8	1.44	80.93	11	277	56	0	0	0	0	0
bin.360	p__Actinobacteria (UID1454)	732	196	114	87.01	59.77	68.42	6807502	0	1120	1120	7120	7120	6078	6078	48533	48533	67.1	1.88	87.92	11	7980	48	77	54	14	3	0
bin.361	k__Bacteria (UID203)	5449	104	58	13.97	0.00	0.00	1600872	0	364	364	4356	4356	4398	4398	18993	18993	67.0	4.80	86.38	11	1838	93	11	0	0	0	0
bin.362	k__Bacteria (UID203)	5449	104	58	17.24	0.00	0.00	2441730	0	490	490	5153	5153	4983	4983	36234	36234	69.7	2.58	88.09	11	2935	93	11	0	0	0	0
bin.363	o__Cytophagales (UID2936)	47	454	336	86.35	6.09	39.29	4695000	0	533	533	12103	12103	8808	8808	55923	55923	62.5	4.27	86.23	11	4508	88	340	25	1	0	0
bin.364	k__Bacteria (UID203)	5449	104	58	2.59	0.00	0.00	267427	0	16	16	20636	20636	16714	16714	27749	27749	27.4	0.80	42.41	11	247	102	2	0	0	0	0
bin.365	k__Bacteria (UID203)	5449	104	58	0.47	0.00	0.00	355086	0	109	109	3172	3172	3257	3257	8053	8053	70.3	1.55	93.22	11	448	101	3	0	0	0	0
bin.366	root (UID1)	5656	56	24	0.00	0.00	0.00	246792	0	51	51	4859	4859	4839	4839	17091	17091	54.9	1.36	91.09	11	279	56	0	0	0	0	0
bin.367	k__Bacteria (UID203)	5449	104	58	29.36	0.00	0.00	2826534	0	660	660	4249	4249	4282	4282	19401	19401	70.2	4.49	90.10	11	3193	76	28	0	0	0	0
bin.368	k__Bacteria (UID203)	5449	104	58	18.45	0.00	0.00	1827137	0	429	429	4152	4152	4259	4259	30541	30541	70.3	3.71	86.06	11	2126	90	14	0	0	0	0
bin.369	k__Archaea (UID2)	207	149	107	2.16	0.00	0.00	548512	0	59	59	13964	13964	9296	9296	41414	41414	50.4	4.99	71.41	4	627	143	6	0	0	0	0
bin.37	p__Bacteroidetes (UID2591)	364	302	203	71.06	0.74	0.00	3204383	0	597	597	5595	5595	5367	5367	18141	18141	45.7	1.32	89.57	11	3211	96	204	2	0	0	0
bin.370	o__Cytophagales (UID2936)	47	454	336	57.49	16.77	78.75	4921915	0	931	931	5479	5479	5286	5286	27219	27219	53.8	1.90	90.52	11	5025	213	181	50	10	0	0
bin.371	root (UID1)	5656	56	24	0.00	0.00	0.00	371369	0	114	114	3203	3203	3257	3257	5393	5393	60.7	1.33	76.26	4	601	56	0	0	0	0	0
bin.372	o__Sphingomonadales (UID3310)	26	569	293	84.17	6.19	65.00	2222793	0	338	338	8323	8323	6576	6576	28492	28492	64.5	1.42	93.91	11	2537	101	432	34	2	0	0
bin.373	root (UID1)	5656	56	24	0.00	0.00	0.00	508033	0	68	68	16489	16489	7471	7471	125418	125418	62.9	10.04	80.53	4	571	56	0	0	0	0	0
bin.374	o__Actinomycetales (UID1802)	274	388	214	92.08	3.92	30.77	5816390	0	356	356	24083	24083	16338	16338	115118	115118	74.7	1.79	91.70	11	5635	54	323	10	1	0	0
bin.375	o__Rhizobiales (UID3654)	92	481	319	99.32	1.57	57.14	4244948	0	165	165	42278	42278	25726	25726	137283	137283	71.6	2.21	88.24	11	4141	4	470	7	0	0	0
bin.376	k__Bacteria (UID203)	5449	104	58	38.36	10.50	0.00	23218115	0	2346	2346	12419	12419	9896	9896	74751	74751	49.2	1.57	79.51	4	34148	53	36	11	4	0	0
bin.377	o__Actinomycetales (UID1593)	69	400	198	85.42	0.59	66.67	3084912	0	288	288	15673	15673	10711	10711	91112	91112	67.8	2.10	90.33	11	3180	86	311	3	0	0	0
bin.378	k__Bacteria (UID203)	5449	104	58	47.18	15.17	0.00	33057185	0	3758	3758	11867	11867	8796	8796	69600	69600	48.5	2.62	77.68	4	50319	42	38	13	10	1	0
bin.379	o__Actinomycetales (UID1663)	488	309	185	96.83	3.89	15.38	3352952	0	190	190	26227	26227	17647	17647	79702	79702	69.3	1.39	91.96	11	3337	9	287	13	0	0	0
bin.38	k__Bacteria (UID203)	5449	104	58	25.86	0.00	0.00	1220207	0	249	249	5037	5037	4900	4900	19142	19142	57.6	1.66	86.73	11	1336	88	16	0	0	0	0
bin.380	o__Sphingomonadales (UID3310)	26	569	293	79.86	2.30	72.73	2424081	0	354	354	7887	7887	6847	6847	59037	59037	70.4	1.77	92.81	11	2624	163	395	11	0	0	0
bin.381	k__Bacteria (UID203)	5449	104	58	50.47	7.76	66.67	2006940	0	358	358	6103	6103	5605	5605	64919	64919	69.3	1.84	89.79	11	2277	61	37	6	0	0	0
bin.382	p__Bacteroidetes (UID2591)	364	301	202	95.54	1.24	33.33	3755057	0	64	64	97943	97943	58672	58672	371795	371795	51.7	0.83	92.37	11	3294	28	270	3	0	0	0
bin.383	k__Bacteria (UID203)	5449	103	58	28.28	0.00	0.00	1493821	0	347	347	4350	4350	4304	4304	14127	14127	41.5	1.57	86.90	11	1707	81	22	0	0	0	0
bin.384	k__Bacteria (UID203)	5449	104	58	13.67	2.60	0.00	48815752	0	10306	10306	4962	4962	4736	4736	44706	44706	52.8	1.59	90.08	4	73589	78	20	5	1	0	0
bin.385	o__Sphingomonadales (UID3310)	26	569	293	92.87	7.52	23.53	3783734	0	145	145	52191	52191	26094	26094	216756	216756	68.8	7.54	88.28	11	3746	43	494	31	1	0	0
bin.386	k__Archaea (UID2)	207	149	107	0.93	0.00	0.00	604361	0	68	68	29273	29273	8887	8887	63496	63496	52.3	11.07	51.37	11	766	148	1	0	0	0	0
bin.387	root (UID1)	5656	56	24	0.00	0.00	0.00	449768	0	15	15	42182	42182	29984	29984	60307	60307	46.9	1.21	86.96	11	427	56	0	0	0	0	0
bin.388	o__Actinomycetales (UID1593)	69	400	198	75.90	2.15	100.00	2443901	0	365	365	7905	7905	6695	6695	33905	33905	68.6	1.45	89.89	11	2521	84	310	6	0	0	0
bin.389	p__Bacteroidetes (UID2591)	364	303	203	97.78	3.48	44.44	5582931	0	198	198	41809	41809	28196	28196	130213	130213	41.8	1.59	88.26	11	4602	5	289	9	0	0	0
bin.39	root (UID1)	5656	56	24	4.17	0.00	0.00	617834	0	95	95	8424	8424	6503	6503	91414	91414	61.5	7.66	84.84	11	703	55	1	0	0	0	0
bin.4	root (UID1)	5656	56	24	0.00	0.00	0.00	556243	0	57	57	12860	12860	9758	9758	42396	42396	62.6	1.58	85.05	11	643	56	0	0	0	0	0
bin.40	p__Bacteroidetes (UID2591)	364	301	202	58.04	0.50	0.00	2215995	0	393	393	6012	6012	5638	5638	19717	19717	54.1	1.41	92.55	11	2236	138	162	1	0	0	0
bin.41	k__Bacteria (UID203)	5449	104	58	36.83	0.00	0.00	1982108	0	325	325	6864	6864	6098	6098	35624	35624	68.9	2.00	91.84	11	2235	74	30	0	0	0	0
bin.42	root (UID1)	5656	56	24	0.00	0.00	0.00	233557	0	29	29	13532	13532	8053	8053	21660	21660	63.2	1.19	74.56	11	326	56	0	0	0	0	0
bin.43	k__Bacteria (UID203)	5449	104	58	62.57	17.08	29.17	4236173	0	869	869	5100	5100	4874	4874	33105	33105	61.4	6.17	81.96	11	4385	53	37	9	5	0	0
bin.44	o__Rhizobiales (UID3654)	92	481	319	27.52	0.46	0.00	1356385	0	318	318	4165	4165	4265	4265	40111	40111	63.9	4.04	89.59	11	1535	336	142	3	0	0	0
bin.45	p__Actinobacteria (UID1454)	732	200	117	76.21	5.11	6.67	3393122	0	622	622	6106	6106	5455	5455	44388	44388	73.2	2.07	92.24	11	3966	54	133	12	1	0	0
bin.46	k__Archaea (UID2)	207	149	107	33.75	9.16	3.45	55253575	0	3122	3122	26394	26394	17698	17698	159000	159000	50.4	1.37	85.75	4	97254	92	41	13	2	0	1
bin.47	root (UID1)	5656	56	24	4.17	0.00	0.00	265797	0	73	73	3631	3631	3641	3641	7834	7834	68.5	1.87	92.05	11	294	55	1	0	0	0	0
bin.48	root (UID1)	5656	56	24	0.00	0.00	0.00	298687	0	8	8	39035	39035	37335	37335	64083	64083	51.1	0.69	43.19	11	453	56	0	0	0	0	0
bin.49	o__Sphingomonadales (UID3310)	26	569	293	81.71	3.81	26.32	2759807	0	230	230	17187	17187	11999	11999	104736	104736	70.7	2.86	90.89	11	2824	122	430	16	1	0	0
bin.5	p__Bacteroidetes (UID2591)	364	303	203	86.97	0.90	0.00	3243307	0	378	378	10360	10360	8580	8580	36383	36383	58.0	1.52	89.32	11	3248	58	242	3	0	0	0
bin.50	k__Bacteria (UID203)	5449	104	58	17.24	1.72	100.00	950990	0	257	257	3663	3663	3700	3700	10613	10613	65.1	1.79	86.42	11	1140	93	10	1	0	0	0
bin.51	k__Bacteria (UID203)	5449	104	58	13.07	1.72	0.00	1196226	0	229	229	5879	5879	5223	5223	23006	23006	57.4	9.43	74.97	11	1206	82	20	2	0	0	0
bin.52	root (UID1)	5656	56	24	0.00	0.00	0.00	414437	0	14	14	36905	36905	29602	29602	62262	62262	50.7	0.46	48.43	11	597	56	0	0	0	0	0
bin.53	f__Xanthomonadaceae (UID4214)	55	659	290	87.09	0.90	14.29	2674991	0	390	390	8515	8515	6858	6858	37335	37335	70.4	1.86	92.24	11	2736	131	521	7	0	0	0
bin.54	k__Bacteria (UID1452)	924	161	108	62.21	4.73	28.57	4460138	0	828	828	5746	5746	5386	5386	82794	82794	59.7	6.18	85.93	11	4851	64	90	7	0	0	0
bin.55	k__Bacteria (UID203)	5449	104	58	3.45	0.00	0.00	261009	0	7	7	71898	71898	37287	37287	92927	92927	70.2	0.93	92.09	11	273	102	2	0	0	0	0
bin.56	k__Bacteria (UID203)	5449	104	58	12.07	0.00	0.00	414119	0	82	82	4934	4934	5050	5050	26416	26416	68.7	4.86	88.75	11	499	95	9	0	0	0	0
bin.57	k__Bacteria (UID203)	5449	103	57	5.42	0.00	0.00	1109900	0	93	93	28400	28400	11934	11934	219330	219330	56.2	10.69	85.64	11	1367	98	5	0	0	0	0
bin.58	p__Bacteroidetes (UID2591)	364	303	203	97.26	1.01	50.00	3735741	0	152	152	32878	32878	24577	24577	116718	116718	58.6	1.44	88.20	11	3490	8	291	4	0	0	0
bin.59	k__Archaea (UID2)	207	149	107	1.58	0.00	0.00	405815	0	11	11	52030	52030	36892	36892	132711	132711	60.5	0.58	83.00	11	499	139	10	0	0	0	0
bin.6	root (UID1)	5656	56	24	0.00	0.00	0.00	242265	0	13	13	31595	31595	18635	18635	38774	38774	40.0	0.86	92.17	11	271	56	0	0	0	0	0
bin.60	k__Bacteria (UID203)	5449	104	58	35.20	4.91	0.00	9381231	0	1508	1508	6775	6775	6220	6220	85334	85334	52.8	3.38	87.20	4	11232	66	34	2	2	0	0
bin.61	k__Bacteria (UID203)	5449	104	58	24.83	1.72	100.00	968663	0	254	254	3812	3812	3813	3813	9669	9669	55.4	1.71	87.25	11	1015	87	16	1	0	0	0
bin.62	k__Bacteria (UID203)	5449	103	57	33.33	0.00	0.00	2935630	0	661	661	4578	4578	4441	4441	16041	16041	72.4	1.76	90.54	11	3396	81	22	0	0	0	0
bin.63	k__Bacteria (UID203)	5449	104	58	65.67	5.17	100.00	2591537	0	604	604	4371	4371	4290	4290	14637	14637	66.5	2.08	93.32	11	3027	59	42	3	0	0	0
bin.64	k__Bacteria (UID203)	5449	104	58	34.48	8.73	0.00	22353331	0	4294	4294	5507	5507	5205	5205	23696	23696	48.4	1.14	81.91	4	32076	55	33	11	5	0	0
bin.65	root (UID1)	5656	56	24	8.33	0.00	0.00	700408	0	222	222	3003	3003	3154	3154	5454	5454	71.2	1.80	92.43	11	797	54	2	0	0	0	0
bin.66	o__Actinomycetales (UID1697)	387	329	192	71.21	4.38	45.45	3592946	0	661	661	5928	5928	5435	5435	25912	25912	72.6	1.84	92.48	11	4059	114	204	11	0	0	0
bin.67	o__Rhodospirillales (UID3754)	63	336	201	90.22	2.40	83.33	3617198	0	311	311	17051	17051	11630	11630	69639	69639	70.0	1.82	92.78	11	3675	37	293	6	0	0	0
bin.68	o__Rhizobiales (UID3654)	92	481	319	95.37	7.44	65.96	5720237	0	520	520	14208	14208	11000	11000	55384	55384	69.6	2.01	85.75	11	5842	48	392	38	3	0	0
bin.69	root (UID1)	5656	56	24	0.00	0.00	0.00	206848	0	12	12	29241	29241	17237	17237	44564	44564	35.8	1.78	40.16	11	224	56	0	0	0	0	0
bin.7	root (UID1)	5656	56	24	0.00	0.00	0.00	590297	0	163	163	3509	3509	3621	3621	10237	10237	36.3	15.63	43.02	11	703	56	0	0	0	0	0
bin.70	p__Actinobacteria (UID1454)	732	196	114	89.04	5.99	20.00	4210161	0	634	634	7854	7854	6640	6640	43970	43970	67.0	1.95	87.15	11	4755	33	155	7	1	0	0
bin.71	root (UID1)	5656	56	24	0.00	0.00	0.00	365282	0	85	85	4266	4266	4297	4297	24447	24447	67.0	5.06	87.06	11	418	56	0	0	0	0	0
bin.72	k__Bacteria (UID203)	5449	104	58	34.91	1.72	0.00	1243804	0	314	314	3956	3956	3961	3961	15610	15610	68.8	1.73	91.55	11	1495	75	28	1	0	0	0
bin.73	o__Cytophagales (UID2936)	47	454	336	92.59	6.42	36.11	7176731	0	606	606	22643	22643	11842	11842	126857	126857	60.4	8.38	83.35	11	6716	54	368	30	2	0	0
bin.74	p__Bacteroidetes (UID2591)	364	301	202	4.46	0.00	0.00	604875	0	10	10	87245	87245	60487	60487	142975	142975	48.2	0.50	89.02	11	517	273	28	0	0	0	0
bin.75	root (UID1)	5656	56	24	0.00	0.00	0.00	234243	0	24	24	12563	12563	9760	9760	30475	30475	50.2	1.33	84.11	11	242	56	0	0	0	0	0
bin.76	k__Bacteria (UID203)	5449	104	58	43.01	16.59	4.35	25481863	0	2668	2668	12747	12747	9550	9550	75542	75542	52.1	2.20	86.57	4	31918	49	32	13	9	1	0
bin.77	p__Bacteroidetes (UID2591)	364	302	203	97.78	1.85	33.33	4031960	0	86	86	81825	81825	46883	46883	317160	317160	51.2	1.13	92.12	11	3500	5	291	6	0	0	0
bin.78	root (UID1)	5656	56	24	0.00	0.00	0.00	592627	0	98	98	7647	7647	6047	6047	23045	23045	66.5	1.92	82.99	11	723	56	0	0	0	0	0
bin.79	o__Rhodospirillales (UID3754)	63	336	201	64.44	21.18	12.68	4750785	0	1209	1209	3831	3831	3929	3929	38524	38524	71.0	2.93	87.83	11	5560	132	147	50	7	0	0
bin.8	o__Sphingomonadales (UID3310)	26	569	293	59.32	10.55	10.45	2367209	0	527	527	4516	4516	4491	4491	28828	28828	67.7	1.85	90.72	11	2816	245	263	58	3	0	0
bin.80	o__Actinomycetales (UID1697)	387	330	193	65.51	9.72	20.00	5992682	0	1170	1170	5280	5280	5121	5121	160784	160784	69.5	2.20	88.06	11	6735	114	190	24	2	0	0
bin.81	root (UID1)	5656	56	24	0.00	0.00	0.00	723386	0	105	105	8310	8310	6889	6889	41375	41375	65.0	1.42	83.35	11	881	56	0	0	0	0	0
bin.82	root (UID1)	5656	56	24	8.33	0.00	0.00	320496	0	86	86	3598	3598	3726	3726	9394	9394	68.3	1.37	81.26	11	397	54	2	0	0	0	0
bin.83	k__Bacteria (UID1452)	924	161	108	76.48	1.52	66.67	3492186	0	509	509	8406	8406	6860	6860	37343	37343	55.9	1.93	88.61	11	3314	31	124	6	0	0	0
bin.84	o__Sphingomonadales (UID3310)	26	569	293	94.76	14.86	20.48	3104677	0	256	256	20631	20631	12127	12127	115171	115171	70.2	1.47	91.61	11	3233	67	429	68	5	0	0
bin.85	k__Bacteria (UID203)	5449	103	57	33.33	0.88	0.00	3112691	0	729	729	4394	4394	4269	4269	13954	13954	71.1	7.72	85.78	11	3379	80	22	1	0	0	0
bin.86	o__Actinomycetales (UID1663)	488	310	185	84.89	2.68	4.55	4946902	0	738	738	7959	7959	6703	6703	29264	29264	70.4	8.72	87.47	11	5080	41	253	13	3	0	0
bin.87	o__Sphingomonadales (UID3310)	26	569	293	90.88	5.20	32.00	3212203	0	260	260	19088	19088	12354	12354	64288	64288	68.2	1.80	91.48	11	3202	63	481	25	0	0	0
bin.88	k__Bacteria (UID203)	5449	104	58	79.66	1.72	100.00	3486284	0	173	173	34819	34819	20151	20151	105700	105700	67.9	1.65	87.86	11	3422	49	54	1	0	0	0
bin.89	root (UID1)	5656	56	24	0.00	0.00	0.00	236466	0	11	11	36318	36318	21496	21496	47574	47574	60.8	0.89	90.67	11	321	56	0	0	0	0	0
bin.9	p__Bacteroidetes (UID2605)	350	316	210	91.62	9.29	92.31	4223687	0	312	312	19946	19946	13537	13537	80895	80895	41.7	1.83	88.78	11	4053	55	237	23	1	0	0
bin.90	o__Cytophagales (UID2936)	47	454	336	28.51	6.90	8.11	9460800	0	2552	2552	3457	3457	3707	3707	50000	50000	53.8	9.22	77.58	4	11944	311	110	31	2	0	0
bin.91	o__Sphingomonadales (UID3310)	26	569	293	95.27	3.92	33.33	3159635	0	228	228	22668	22668	13858	13858	92052	92052	64.8	1.74	92.08	11	3310	41	510	18	0	0	0
bin.92	o__Rhodospirillales (UID3754)	63	336	201	80.10	0.00	0.00	3369242	0	57	57	103062	103062	59109	59109	239480	239480	71.4	1.26	93.70	11	3196	69	267	0	0	0	0
bin.93	root (UID1)	5656	56	24	0.00	0.00	0.00	875942	0	203	203	4433	4433	4314	4314	13458	13458	60.1	1.82	88.73	11	907	56	0	0	0	0	0
bin.94	o__Actinomycetales (UID1593)	69	400	198	94.24	4.65	21.43	2710388	0	213	213	18283	18283	12724	12724	54491	54491	73.1	1.50	89.44	11	2708	22	366	11	1	0	0
bin.95	k__Bacteria (UID203)	5449	104	58	67.24	14.34	18.18	3347628	0	614	614	6006	6006	5452	5452	25172	25172	56.1	1.89	89.70	11	3274	25	50	27	2	0	0
bin.96	root (UID1)	5656	56	24	0.00	0.00	0.00	267911	0	69	69	4055	4055	3882	3882	6752	6752	52.2	0.81	81.03	4	364	56	0	0	0	0	0
bin.97	root (UID1)	5656	56	24	0.00	0.00	0.00	464136	0	74	74	7699	7699	6272	6272	25832	25832	73.9	1.49	89.84	11	498	56	0	0	0	0	0
bin.98	root (UID1)	5656	56	24	0.00	0.00	0.00	210212	0	41	41	5457	5457	5127	5127	18483	18483	64.5	2.68	77.64	11	264	56	0	0	0	0	0
bin.99	root (UID1)	5656	56	24	0.00	0.00	0.00	283687	0	32	32	12344	12344	8865	8865	29446	29446	67.1	0.90	90.25	11	350	56	0	0	0	0	0
